0
1.4822e-323
2.96439e-323
4.44659e-323
6.42285e-323
7.90505e-323
9.38725e-323
1.08694e-322
1.23516e-322
1.38338e-322
1.5316e-322
1.67982e-322
1.82804e-322
1.97626e-322
2.07508e-322
2.2233e-322
2.37152e-322
2.51973e-322
2.61855e-322
2.76677e-322
2.86558e-322
3.0138e-322
3.11261e-322
3.21143e-322
3.31024e-322
3.45846e-322
3.55727e-322
3.65609e-322
3.7549e-322
3.80431e-322
3.90312e-322
4.00193e-322
4.05134e-322
4.15015e-322
4.19956e-322
4.29837e-322
4.34778e-322
4.39718e-322
4.44659e-322
4.496e-322
4.5454e-322
4.59481e-322
4.59481e-322
4.64422e-322
4.64422e-322
4.69362e-322
4.69362e-322
4.69362e-322
4.69362e-322
4.74303e-322
4.69362e-322
4.69362e-322
4.69362e-322
4.69362e-322
4.64422e-322
4.64422e-322
4.59481e-322
4.59481e-322
4.5454e-322
4.496e-322
4.44659e-322
4.39718e-322
4.34778e-322
4.29837e-322
4.19956e-322
4.15015e-322
4.10074e-322
4.00193e-322
3.90312e-322
3.85371e-322
3.7549e-322
3.65609e-322
3.55727e-322
3.50787e-322
3.40905e-322
3.26083e-322
3.16202e-322
3.06321e-322
2.96439e-322
2.86558e-322
2.71736e-322
2.61855e-322
2.47033e-322
2.37152e-322
2.2233e-322
2.12448e-322
1.97626e-322
1.82804e-322
1.72923e-322
1.58101e-322
1.43279e-322
1.28457e-322
1.13635e-322
1.03754e-322
8.89318e-323
7.41098e-323
5.92879e-323
4.44659e-323
2.96439e-323
1.4822e-323
0
Number of iterations: 73827